0    31   32   63   64   95   96   127  128  159  160  191  192  223  224  255  256  287  288  319  320  351  352  383  384  415  416  447  448  479  480  511
1    30   33   62   65   94   97   126  129  158  161  190  193  222  225  254  257  286  289  318  321  350  353  382  385  414  417  446  449  478  481  510
2    29   34   61   66   93   98   125  130  157  162  189  194  221  226  253  258  285  290  317  322  349  354  381  386  413  418  445  450  477  482  509
3    28   35   60   67   92   99   124  131  156  163  188  195  220  227  252  259  284  291  316  323  348  355  380   387  412  419  444  451  476  483  508
4    27   36   59   68   91   100  123  132  155  164  187  196  219  228  251  260  283  292  315  324  347  356  379  388  411  420  443  452  475  484  507
5    26   37   58   69   90   101  122  133  154  165  186  197  218  229  250  261  282  293  314  325  346  357  378  389  410  421  442  453  474  485  506
6    25   38   57   70   89   102  121  134  153  166  185  198  217  230  249  262  281  294  313  326  345  358  377  390  409  422  441  454  473  486  505
7    24   39   56   71   88   103  120  135  152  167  184  199  216  231  248  263  280  295  312  327  344  359  376  391   408  423  440  455  472  487  504
8    23   40   55   72   87   104  119  136  151  168  183  200  215  232  247  264  279  296  311  328  343  360  375  392  407  424  439  456  471  488  503
9    22   41   54   73   86   105  118  137  150  169  182  201  214  233  246  265  278  297  310  329  342  361  374  393  406  425  438  457  470  489  502
10   21   42   53   74   85   106  117  138  149  170  181  202  213  234  245  266  277  298  309  330  341  362  373  394  405  426  437  458  469  490  501
11   20   43   52   75   84   107  116  139  148  171  180  203  212  235  244  267  276  299  308  331  340  363  372  395  404   427  436  459  468  491  500
12   19   44   51   76   83   108  115  140  147  172  179  204  211  236  243  268  275  300  307  332  339  364  371  396  403  428  435  460  467  492  499
13   18   45   50   77   82   109  114  141  146  173  178  205  210  237  242  269  274  301  306  333  338  365  370  397  402  429  434  461  466  493  498
14   17   46   49   78   81   110  113  142  145  174  177  206  209  238  241  270  273  302  305  334  337  366  369  398  401  430  433  462  465  494  497
15   16   47   48   79   80   111  112  143  144  175  176  207  208  239  240  271  272  303  304  335  336  367  368  399  400  431   432  463  464  495  496
512  543  544  575  576  607  608  639  640  671  672  703  704  735  736  767  768  799  800  831  832  863  864  895  896  927  928  959  960  991  992  1023
513  542  545  574  577  606  609  638  641  670  673  702  705  734  737  766  769  798  801  830  833  862  865  894  897  926  929  958  961  990  993  1022
514  541  546  573  578  605  610  637  642  669  674  701  706  733  738  765  770  797  802  829  834  861  866  893  898  925  930  957  962  989  994  1021
515  540  547  572  579  604  611  636  643  668  675  700  707  732  739  764  771  796  803  828  835  860  867  892  899  924  931  956  963  988  995  1020
516  539  548  571  580  603  612  635  644  667  676  699  708  731  740  763  772  795  804  827  836  859  868  891  900  923  932  955  964  987  996  1019
517  538  549  570  581  602  613  634  645  666  677  698  709  730  741  762  773  794  805  826  837  858  869  890  901  922  933  954  965  986  997  1018
518  537  550  569  582  601  614  633  646  665  678  697  710  729  742  761  774  793  806  825  838  857  870  889  902  921  934  953  966  985  998  1017
519  536  551  568  583  600  615  632  647  664  679  696  711  728  743  760  775  792  807  824  839  856  871  888  903  920  935  952  967  984  999  1016
520  535  552  567  584  599  616  631  648  663  680  695  712  727  744  759  776  791  808  823  840  855  872  887  904  919  936  951  968  983  1000 1015
521  534  553  566  585  598  617  630  649  662  681  694  713  726  745  758  777  790  809  822  841  854  873  886  905  918  937  950  969  982  1001 1014
522  533  554  565  586  597  618  629  650  661  682  693  714  725  746  757  778  789  810  821  842  853  874  885  906  917  938  949  970  981  1002 1013
523  532  555  564  587  596  619  628  651  660  683  692  715  724  747  756  779  788  811  820  843  852  875  884  907  916  939  948  971  980  1003 1012
524  531  556  563  588  595  620  627  652  659  684  691  716  723  748  755  780  787  812  819  844  851  876  883  908  915  940  947  972  979  1004 1011
525  530  557  562  589  594  621  626  653  658  685  690  717  722  749  754  781  786  813  818  845  850  877  882  909  914  941  946  973  978  1005 1010
526  529  558  561  590  593  622  625  654  657  686  689  718  721  750  753  782  785  814  817  846  849  878  881  910  913  942  945  974  977  1006 1009
527  528  559  560  591  592  623  624  655  656  687  688  719  720  751  752  783  784  815  816  847  848  879  880  911  912  943  944  975  976  1007 1008
